#      k [h/Mpc]           P_cdm          P_vcdm           P_bar          P_vbar         P_total        P_vtotal
     1.15572e-05      2.9733e-05     2.94626e-05      2.9733e-05     2.94626e-05     2.97875e-05     2.94626e-05
     1.20289e-05     3.09036e-05     3.06226e-05     3.09036e-05     3.06226e-05     3.09603e-05     3.06226e-05
     1.25199e-05     3.21204e-05     3.18283e-05     3.21204e-05     3.18283e-05     3.21793e-05     3.18283e-05
     1.30309e-05      3.3385e-05     3.30815e-05      3.3385e-05     3.30815e-05     3.34463e-05     3.30815e-05
     1.35628e-05     3.46995e-05      3.4384e-05     3.46995e-05      3.4384e-05     3.47632e-05      3.4384e-05
     1.41164e-05     3.60657e-05     3.57377e-05     3.60657e-05     3.57377e-05     3.61319e-05     3.57377e-05
     1.46925e-05     3.74857e-05     3.71448e-05     3.74857e-05     3.71448e-05     3.75545e-05     3.71448e-05
     1.52922e-05     3.89616e-05     3.86073e-05     3.89616e-05     3.86073e-05     3.90331e-05     3.86073e-05
     1.59164e-05     4.04956e-05     4.01274e-05     4.04956e-05     4.01274e-05     4.05699e-05     4.01274e-05
     1.65661e-05       4.209e-05     4.17073e-05       4.209e-05     4.17073e-05     4.21673e-05     4.17073e-05
     1.72422e-05     4.37472e-05     4.33494e-05     4.37472e-05     4.33494e-05     4.38275e-05     4.33494e-05
      1.7946e-05     4.54696e-05     4.50562e-05     4.54696e-05     4.50562e-05     4.55531e-05     4.50562e-05
     1.86785e-05     4.72599e-05     4.68301e-05     4.72599e-05     4.68301e-05     4.73466e-05     4.68301e-05
     1.94409e-05     4.91206e-05      4.8674e-05     4.91206e-05      4.8674e-05     4.92108e-05      4.8674e-05
     2.02344e-05     5.10546e-05     5.05904e-05     5.10546e-05     5.05904e-05     5.11483e-05     5.05904e-05
     2.10603e-05     5.30648e-05     5.25822e-05     5.30648e-05     5.25822e-05     5.31622e-05     5.25822e-05
     2.19199e-05     5.51541e-05     5.46525e-05     5.51541e-05     5.46525e-05     5.52553e-05     5.46525e-05
     2.28146e-05     5.73256e-05     5.68043e-05     5.73256e-05     5.68043e-05     5.74308e-05     5.68043e-05
     2.37458e-05     5.95827e-05     5.90409e-05     5.95827e-05     5.90409e-05      5.9692e-05     5.90409e-05
      2.4715e-05     6.19286e-05     6.13655e-05     6.19286e-05     6.13655e-05     6.20422e-05     6.13655e-05
     2.57238e-05     6.43669e-05     6.37815e-05     6.43669e-05     6.37815e-05      6.4485e-05     6.37815e-05
     2.67737e-05     6.69011e-05     6.62925e-05     6.69011e-05     6.62925e-05     6.70239e-05     6.62925e-05
     2.78665e-05     6.95352e-05     6.89024e-05     6.95352e-05     6.89024e-05     6.96628e-05     6.89024e-05
     2.90039e-05      7.2273e-05     7.16151e-05      7.2273e-05     7.16151e-05     7.24056e-05     7.16151e-05
     3.01877e-05     7.51185e-05     7.44348e-05     7.51186e-05     7.44348e-05     7.52564e-05     7.44348e-05
     3.14199e-05     7.80762e-05     7.73655e-05     7.80761e-05     7.73655e-05     7.82195e-05     7.73655e-05
     3.27023e-05     8.11503e-05     8.04116e-05     8.11499e-05     8.04116e-05     8.12992e-05     8.04116e-05
     3.40371e-05     8.43453e-05     8.35776e-05     8.43446e-05     8.35776e-05     8.45001e-05     8.35776e-05
     3.54264e-05      8.7666e-05     8.68683e-05     8.76653e-05     8.68683e-05     8.78269e-05     8.68683e-05
     3.68724e-05     9.11172e-05     9.02885e-05      9.1117e-05     9.02885e-05     9.12845e-05     9.02885e-05
     3.83774e-05     9.47045e-05     9.38434e-05     9.47045e-05     9.38434e-05     9.48783e-05     9.38434e-05
     3.99438e-05     9.84332e-05     9.75382e-05     9.84333e-05     9.75382e-05     9.86139e-05     9.75382e-05
     4.15742e-05     0.000102309     0.000101379     0.000102309     0.000101379     0.000102497     0.000101379
     4.32711e-05     0.000106337      0.00010537     0.000106337      0.00010537     0.000106532      0.00010537
     4.50372e-05     0.000110524     0.000109519     0.000110524     0.000109519     0.000110727     0.000109519
     4.68755e-05     0.000114875     0.000113831     0.000114875     0.000113831     0.000115086     0.000113831
     4.87888e-05     0.000119398     0.000118312     0.000119398     0.000118312     0.000119618     0.000118312
     5.07801e-05     0.000124099      0.00012297     0.000124099      0.00012297     0.000124327      0.00012297
     5.28528e-05     0.000128985     0.000127811     0.000128985     0.000127811     0.000129222     0.000127811
       5.501e-05     0.000134063     0.000132844     0.000134063     0.000132844     0.000134309     0.000132844
     5.72554e-05     0.000139341     0.000138074     0.000139341     0.000138074     0.000139597     0.000138074
     5.95923e-05     0.000144827      0.00014351     0.000144827      0.00014351     0.000145093      0.00014351
     6.20246e-05     0.000150529     0.000149161      0.00015053     0.000149161     0.000150806     0.000149161
     6.45563e-05     0.000156456     0.000155033     0.000156456     0.000155033     0.000156743     0.000155033
     6.71912e-05     0.000162616     0.000161136     0.000162615     0.000161136     0.000162914     0.000161136
     6.99337e-05     0.000169019      0.00016748     0.000169017      0.00016748     0.000169328      0.00016748
     7.27881e-05     0.000175673     0.000174075     0.000175672     0.000174075     0.000175994     0.000174075
     7.57591e-05     0.000182589     0.000180928     0.000182589     0.000180928     0.000182924     0.000180928
     7.88513e-05     0.000189777     0.000188052     0.000189777     0.000188052     0.000190126     0.000188052
     8.20697e-05     0.000197248     0.000195455     0.000197249     0.000195455     0.000197611     0.000195455
     8.54195e-05     0.000205014      0.00020315     0.000205014      0.00020315      0.00020539      0.00020315
      8.8906e-05     0.000213085     0.000211147     0.000213085     0.000211147     0.000213476     0.000211147
     9.25348e-05     0.000221474      0.00021946     0.000221474      0.00021946     0.000221881      0.00021946
     9.63117e-05     0.000230193       0.0002281     0.000230193       0.0002281     0.000230616       0.0002281
     0.000100243     0.000239256      0.00023708     0.000239256      0.00023708     0.000239695      0.00023708
     0.000104334     0.000248675     0.000246414     0.000248675     0.000246413     0.000249131     0.000246414
     0.000108593     0.000258465     0.000256115     0.000258464     0.000256113     0.000258938     0.000256115
     0.000113025      0.00026864     0.000266198     0.000268638     0.000266195     0.000269131     0.000266197
     0.000117639     0.000279216     0.000276677     0.000279213     0.000276675     0.000279726     0.000276677
      0.00012244     0.000290207     0.000287568     0.000290205     0.000287568     0.000290737     0.000287568
     0.000127438     0.000301632     0.000298888     0.000301629     0.000298889     0.000302182     0.000298888
     0.000132639     0.000313507     0.000310654     0.000313503     0.000310655     0.000314078     0.000310654
     0.000138053     0.000325849     0.000322883     0.000325844     0.000322883     0.000326442     0.000322883
     0.000143688     0.000338676     0.000335594      0.00033867     0.000335593     0.000339292     0.000335594
     0.000149553     0.000352006     0.000348805        0.000352     0.000348802     0.000352649     0.000348804
     0.000155657     0.000365861     0.000362535     0.000365855     0.000362531      0.00036653     0.000362534
      0.00016201     0.000380262     0.000376805     0.000380256     0.000376801     0.000380958     0.000376804
     0.000168623      0.00039523     0.000391636     0.000395224     0.000391633     0.000395952     0.000391636
     0.000175505     0.000410788      0.00040705      0.00041078     0.000407049     0.000411537      0.00040705
     0.000182669     0.000426957     0.000423071     0.000426947     0.000423071     0.000427734     0.000423071
     0.000190125     0.000443762     0.000439723      0.00044375     0.000439722     0.000444568     0.000439722
     0.000197885     0.000461228     0.000457029     0.000461213     0.000457027     0.000462064     0.000457029
     0.000205962      0.00047938     0.000475017     0.000479364     0.000475013     0.000480248     0.000475016
     0.000214368     0.000498245     0.000493712     0.000498231     0.000493707     0.000499147     0.000493711
     0.000223118     0.000517851     0.000513141     0.000517838     0.000513137     0.000518789     0.000513141
     0.000232225     0.000538229     0.000533335     0.000538214      0.00053333     0.000539203     0.000533334
     0.000241704     0.000559409     0.000554322     0.000559389     0.000554315      0.00056042     0.000554321
     0.000251569     0.000581423     0.000576135     0.000581398     0.000576125      0.00058247     0.000576133
     0.000261837     0.000604302     0.000598803     0.000604273     0.000598792     0.000605385     0.000598801
     0.000272524     0.000628079     0.000622362     0.000628048     0.000622351     0.000629201      0.00062236
     0.000283648     0.000652788     0.000646845     0.000652754     0.000646836     0.000653953     0.000646844
     0.000295225     0.000678467      0.00067229     0.000678429     0.000672283     0.000679678     0.000672289
     0.000307275     0.000705154     0.000698735     0.000705112     0.000698729     0.000706413     0.000698734
     0.000319817     0.000732892      0.00072622     0.000732843     0.000726212     0.000734195     0.000726219
     0.000332871     0.000761718     0.000754784     0.000761662     0.000754772     0.000763067     0.000754782
     0.000346458     0.000791675     0.000784468     0.000791611     0.000784452     0.000793071     0.000784465
     0.000360599     0.000822806     0.000815315     0.000822734     0.000815296     0.000824252     0.000815312
     0.000375317     0.000855158     0.000847372     0.000855077      0.00084735     0.000856655     0.000847369
     0.000390636     0.000888779     0.000880686     0.000888689      0.00088066     0.000890328     0.000880682
      0.00040658     0.000923717     0.000915306     0.000923617     0.000915276     0.000925321     0.000915301
     0.000423175     0.000960022     0.000951281     0.000959913     0.000951248     0.000961684     0.000951276
     0.000440448      0.00099775     0.000988665      0.00099763     0.000988631     0.000999469      0.00098866
     0.000458425      0.00103695      0.00102751      0.00103682      0.00102748      0.00103873      0.00102751
     0.000477137      0.00107769      0.00106787      0.00107754      0.00106784      0.00107953      0.00106787
     0.000496611      0.00112003      0.00110982      0.00111985      0.00110978      0.00112192      0.00110981
     0.000516881      0.00116401       0.0011534      0.00116381      0.00115335      0.00116597      0.00115339
     0.000537979      0.00120972      0.00119868      0.00120949      0.00119863      0.00121174      0.00119868
     0.000559937      0.00125721      0.00124574      0.00125695      0.00124567      0.00125929      0.00124573
     0.000582791      0.00130654      0.00129462      0.00130626      0.00129455      0.00130869      0.00129461
     0.000606579       0.0013578      0.00134541      0.00135749      0.00134533      0.00136001       0.0013454
     0.000631337      0.00141106      0.00139818       0.0014107      0.00139809      0.00141333      0.00139817
     0.000657106      0.00146639        0.001453      0.00146598       0.0014529      0.00146872      0.00145298
     0.000683927      0.00152387      0.00150995      0.00152341      0.00150984      0.00152626      0.00150993
     0.000711842      0.00158358      0.00156911      0.00158306      0.00156899      0.00158603      0.00156909
     0.000740897       0.0016456      0.00163056      0.00164502      0.00163042      0.00164811      0.00163054
     0.000771137      0.00171002      0.00169439      0.00170937      0.00169423      0.00171259      0.00169437
     0.000802612      0.00177694      0.00176069       0.0017762      0.00176051      0.00177955      0.00176066
     0.000835372      0.00184645      0.00182955      0.00184561      0.00182934       0.0018491      0.00182952
     0.000869469      0.00191862      0.00190106      0.00191768      0.00190082      0.00192132      0.00190102
     0.000904957      0.00199358      0.00197531      0.00199252      0.00197505      0.00199631      0.00197527
     0.000941894      0.00207141      0.00205242      0.00207022      0.00205212      0.00207416      0.00205237
     0.000980339      0.00215222      0.00213247      0.00215089      0.00213214      0.00215498      0.00213242
      0.00102035      0.00223612      0.00221559      0.00223462      0.00221522      0.00223889      0.00221553
        0.001062      0.00232322      0.00230187      0.00232152      0.00230146      0.00232599      0.00230181
      0.00110535      0.00241363      0.00239144      0.00241172      0.00239098      0.00241639      0.00239137
      0.00115046      0.00250747       0.0024844      0.00250533      0.00248388      0.00251019      0.00248432
      0.00119742      0.00260486      0.00258087      0.00260245      0.00258028      0.00260752      0.00258077
      0.00124629      0.00270592      0.00268096      0.00270321       0.0026803       0.0027085      0.00268086
      0.00129716      0.00281077      0.00278481      0.00280772      0.00278406      0.00281326      0.00278469
      0.00135011      0.00291953      0.00289253       0.0029161      0.00289169       0.0029219      0.00289239
      0.00140522      0.00303234      0.00300425      0.00302848      0.00300331      0.00303454      0.00300411
      0.00146257      0.00314933      0.00312011      0.00314499      0.00311904      0.00315133      0.00311994
      0.00152227      0.00327063      0.00324023      0.00326574      0.00323902      0.00327239      0.00324004
       0.0015844      0.00339637      0.00336474      0.00339086      0.00336338      0.00339785      0.00336452
      0.00164907       0.0035267      0.00349377      0.00352049      0.00349225      0.00352784      0.00349353
      0.00171638      0.00366173      0.00362746      0.00365474      0.00362575      0.00366248      0.00362719
      0.00178644      0.00380161      0.00376595      0.00379375      0.00376402      0.00380189      0.00376564
      0.00185935      0.00394647      0.00390935      0.00393764      0.00390718       0.0039462      0.00390901
      0.00193524      0.00409644      0.00405779      0.00408653      0.00405534      0.00409555       0.0040574
      0.00201423      0.00425167      0.00421141      0.00424052      0.00420865      0.00425004      0.00421097
      0.00209645      0.00441228      0.00437032      0.00439973      0.00436723       0.0044098      0.00436983
      0.00218202      0.00457839      0.00453465      0.00456425      0.00453119      0.00457494      0.00453411
      0.00227108      0.00475011      0.00470451      0.00473421      0.00470062      0.00474558       0.0047039
      0.00236378      0.00492755      0.00488001      0.00490968      0.00487562      0.00492181      0.00487932
      0.00246026      0.00511083      0.00506123      0.00509076      0.00505631      0.00510372      0.00506046
      0.00256067      0.00530007      0.00524828       0.0052775      0.00524278      0.00529138      0.00524742
      0.00266519      0.00549533      0.00544123      0.00546997      0.00543507      0.00548487      0.00544026
      0.00277397      0.00569667      0.00564014      0.00566819      0.00563324      0.00568423      0.00563906
       0.0028872      0.00590416      0.00584507      0.00587219      0.00583732       0.0058895      0.00584385
      0.00300504      0.00611785      0.00605604      0.00608197      0.00604733      0.00610072      0.00605467
       0.0031277       0.0063378      0.00627307      0.00629751      0.00626329      0.00631789      0.00627153
      0.00325536        0.006564      0.00649614      0.00651874      0.00648517        0.006541      0.00649441
      0.00338823      0.00679642       0.0067252      0.00674559      0.00671294      0.00677001      0.00672327
      0.00352653      0.00703503      0.00696021      0.00697796       0.0069465      0.00700485      0.00695805
      0.00367047      0.00727976      0.00720107      0.00721572      0.00718572      0.00724542      0.00719865
      0.00382028      0.00753051      0.00744765      0.00745869      0.00743044      0.00749157      0.00744494
      0.00397621      0.00778715      0.00769977      0.00770664      0.00768049      0.00774318      0.00769674
       0.0041385      0.00804951      0.00795721      0.00795927      0.00793564      0.00800007      0.00795382
      0.00430742       0.0083174      0.00821972      0.00821627      0.00819562      0.00826201      0.00821593
      0.00448324      0.00859057      0.00848702      0.00847725       0.0084601      0.00852871      0.00848278
      0.00466622      0.00886875      0.00875878      0.00874182      0.00872872      0.00879987      0.00875404
      0.00485668      0.00915159      0.00903461      0.00900949      0.00900106      0.00907513      0.00902933
      0.00505491      0.00943871      0.00931408      0.00927977      0.00927666      0.00935412      0.00930819
      0.00526124      0.00972972      0.00959666      0.00955202      0.00955493      0.00963641      0.00959009
      0.00547598       0.0100241      0.00988172      0.00982554      0.00983522      0.00992153      0.00987439
      0.00569949       0.0103215       0.0101687       0.0100996       0.0101169        0.010209       0.0101605
      0.00593212       0.0106212       0.0104571       0.0103734       0.0103995       0.0104984        0.010448
      0.00617425       0.0109227       0.0107464       0.0106462       0.0106824        0.010789       0.0107363
      0.00642626       0.0112254       0.0110356        0.010917       0.0109646       0.0110803       0.0110244
      0.00668856       0.0115285       0.0113239       0.0111848        0.011245       0.0113715       0.0113115
      0.00696156       0.0118313       0.0116102       0.0114485       0.0115226       0.0116617       0.0115964
       0.0072457       0.0121331       0.0118938        0.011707       0.0117967       0.0119503       0.0118785
      0.00754145        0.012433       0.0121738       0.0119591       0.0120664       0.0122366       0.0121569
      0.00784926       0.0127304       0.0124495       0.0122038       0.0123308       0.0125198       0.0124308
      0.00816964       0.0130242       0.0127201       0.0124396       0.0125889        0.012799       0.0126994
      0.00850309       0.0133139       0.0129845       0.0126653       0.0128398       0.0130733       0.0129617
      0.00885016       0.0135984       0.0132421       0.0128794       0.0130826       0.0133418       0.0132169
      0.00921139       0.0138768       0.0134919       0.0130807       0.0133161       0.0136035       0.0134642
      0.00958736       0.0141482       0.0137331       0.0132676       0.0135395       0.0138575       0.0137025
      0.00997868       0.0144118       0.0139648       0.0134386       0.0137519       0.0141025       0.0139312
        0.010386       0.0146663       0.0141861       0.0135922       0.0139524       0.0143374       0.0141492
       0.0108099        0.014911       0.0143963       0.0137268       0.0141399       0.0145611       0.0143558
       0.0112511       0.0151446       0.0145943       0.0138409       0.0143134       0.0147722         0.01455
       0.0117103        0.015366       0.0147794       0.0139325       0.0144719       0.0149694       0.0147308
       0.0121883       0.0155741       0.0149506       0.0140001       0.0146144       0.0151514       0.0148974
       0.0126858       0.0157676       0.0151066       0.0140418       0.0147397        0.015317       0.0150486
       0.0132036       0.0159452       0.0152463        0.014056       0.0148463       0.0154647        0.015183
       0.0137425       0.0161056       0.0153683       0.0140409       0.0149329       0.0155931       0.0152994
       0.0143034       0.0162473       0.0154714       0.0139949        0.014998       0.0157008       0.0153964
       0.0148872       0.0163691       0.0155539       0.0139165       0.0150404       0.0157866       0.0154726
       0.0154949       0.0164695       0.0156144       0.0138042       0.0150585       0.0158491       0.0155263
       0.0161273        0.016547       0.0156512       0.0136568       0.0150504        0.015887       0.0155559
       0.0167856       0.0166004       0.0156627       0.0134736       0.0150148       0.0158992       0.0155598
       0.0174707       0.0166284       0.0156479       0.0132539       0.0149509       0.0158842       0.0155372
       0.0181838       0.0166299       0.0156062       0.0129976       0.0148581       0.0158409       0.0154873
        0.018926       0.0166039       0.0155365       0.0127047       0.0147359       0.0157684       0.0154092
       0.0196985       0.0165493       0.0154381        0.012376       0.0145836       0.0156658       0.0153021
       0.0205025       0.0164653       0.0153104       0.0120126       0.0144011       0.0155326       0.0151655
       0.0213393       0.0163515       0.0151531       0.0116164       0.0141886       0.0153685       0.0149993
       0.0222103       0.0162074       0.0149663       0.0111899       0.0139468       0.0151737       0.0148036
       0.0231169       0.0160328       0.0147503        0.010736       0.0136766       0.0149485       0.0145787
       0.0240604       0.0158279       0.0145055       0.0102583       0.0133792       0.0146936       0.0143253
       0.0250425       0.0155929       0.0142328      0.00976115       0.0130562       0.0144102       0.0140443
       0.0260646       0.0153289       0.0139334      0.00924971       0.0127099       0.0140997       0.0137372
       0.0271285        0.015037        0.013609       0.0087294       0.0123429       0.0137641       0.0134057
       0.0282358       0.0147188        0.013262      0.00820652       0.0119586       0.0134057       0.0130525
       0.0293882       0.0143766       0.0128952      0.00768728       0.0115608       0.0130273       0.0126805
       0.0305878       0.0140125       0.0125117      0.00717812       0.0111534       0.0126324       0.0122928
       0.0318362       0.0136298        0.012115      0.00668608       0.0107412        0.012225       0.0118934
       0.0331357       0.0132313       0.0117088      0.00621711       0.0103285       0.0118091       0.0114859
       0.0344882        0.012821       0.0112974      0.00577771      0.00992029       0.0113891       0.0110748
       0.0358958       0.0124024       0.0108848      0.00537328      0.00952136       0.0109694       0.0106642
        0.037361       0.0119796       0.0104756      0.00500855       0.0091365       0.0105543       0.0102588
       0.0388859       0.0115574       0.0100747      0.00468831      0.00877085       0.0101493      0.00986356
       0.0404731       0.0111397      0.00968628      0.00441566       0.0084286      0.00975852      0.00948263
        0.042125       0.0107297      0.00931315      0.00419202      0.00811211      0.00938498       0.0091187
       0.0438444       0.0103295      0.00895725      0.00401832      0.00782289      0.00903079       0.0087737
        0.045634      0.00994289      0.00862182      0.00389511      0.00756321      0.00869904      0.00845069
       0.0474966      0.00957536      0.00831171      0.00382294      0.00733636      0.00839412      0.00815423
       0.0494352      0.00923042      0.00802971      0.00380182      0.00714376       0.0081185       0.0078869
        0.051453      0.00890591      0.00777239      0.00382529      0.00697996       0.0078686       0.0076449
       0.0535531      0.00859872      0.00753523      0.00388584      0.00683831       0.0076398      0.00742335
        0.055739      0.00830674      0.00731449      0.00397366      0.00671214      0.00742788      0.00721801
        0.058014      0.00802827      0.00710673       0.0040771      0.00659476      0.00722876      0.00702492
        0.060382      0.00776102      0.00690772      0.00418133      0.00647828       0.0070374      0.00683924
       0.0628465      0.00750217      0.00671263      0.00426887      0.00635413      0.00684813      0.00665558
       0.0654117      0.00724709      0.00651491      0.00431978      0.00621228      0.00665366      0.00646682
       0.0680815      0.00698993      0.00630697      0.00431357      0.00604228      0.00644584      0.00626496
       0.0708604      0.00672329      0.00608019       0.0042318      0.00583384      0.00621567      0.00604109
       0.0737526      0.00644198      0.00582877      0.00406394      0.00558123      0.00595733      0.00578947
        0.076763      0.00614377      0.00555075       0.0038105      0.00528454      0.00566911      0.00550843
       0.0798961      0.00583009      0.00524894      0.00348498       0.0049509      0.00535446      0.00520148
       0.0831572       0.0055058      0.00493061      0.00311264      0.00459372       0.0050216      0.00487682
       0.0865514      0.00517769      0.00460566      0.00272555      0.00423002      0.00468167       0.0045455
       0.0900841      0.00485304      0.00428479      0.00235657      0.00387761      0.00434683      0.00421939
        0.093761      0.00453919      0.00397863      0.00203433      0.00355316      0.00402903       0.0039101
       0.0975879      0.00424415       0.0036978      0.00178021      0.00327124       0.0037399      0.00362896
        0.101571      0.00397571      0.00345154      0.00160557      0.00304239      0.00348916      0.00338546
        0.105717      0.00374011      0.00324626      0.00151369      0.00287178      0.00328313      0.00318582
        0.110032      0.00353875      0.00308209       0.0014979      0.00275588      0.00312135      0.00302956
        0.114523      0.00336682      0.00295173      0.00154158      0.00268166      0.00299552      0.00290838
        0.119197      0.00321475       0.0028421      0.00161716      0.00262855      0.00289119      0.00280795
        0.124063      0.00307075      0.00273733      0.00168672      0.00257198       0.0027908      0.00271097
        0.129126      0.00292369      0.00262241      0.00170936      0.00248911      0.00267765      0.00260121
        0.134397      0.00276591      0.00248713      0.00165502      0.00236538      0.00254053      0.00246777
        0.139882      0.00259506      0.00232903      0.00151865      0.00219982      0.00237695      0.00230846
        0.145592      0.00241396      0.00215354      0.00132459      0.00200531       0.0021936      0.00212987
        0.151534      0.00222998       0.0019726      0.00111682      0.00180463      0.00200449      0.00194568
        0.157719      0.00205497      0.00180293     0.000941113      0.00162446      0.00182837      0.00177424
        0.164157      0.00190188      0.00166078     0.000827914      0.00148639      0.00168266      0.00163271
        0.170857      0.00177628      0.00155249     0.000783643      0.00139648      0.00157385       0.0015274
        0.177831      0.00167357      0.00147151     0.000792387      0.00134296      0.00149463       0.0014509
        0.185089      0.00158427      0.00140453     0.000821694      0.00130379      0.00142994      0.00138843
        0.192644       0.0014972      0.00133603     0.000830606      0.00125434      0.00136233      0.00132301
        0.200507      0.00140201      0.00125294      0.00078805      0.00117677      0.00127776       0.0012408
        0.208691      0.00129762      0.00115486     0.000697296      0.00107362      0.00117617      0.00114188
        0.217209      0.00119222      0.00105357     0.000593352     0.000965288      0.00107088      0.00103943
        0.226075      0.00109604     0.000963268     0.000514135     0.000874205     0.000977809      0.00094897
        0.235302      0.00101595     0.000892705      0.00047687     0.000811829     0.000906417     0.000879727
        0.244906     0.000950697     0.000839463     0.000471799     0.000772005     0.000853656     0.000828663
        0.254903     0.000892073     0.000792189      0.00047039     0.000736418     0.000806749      0.00078328
        0.265307     0.000830875     0.000739107      0.00044547     0.000688258     0.000752908     0.000730987
        0.276136     0.000766109     0.000679313     0.000396518     0.000627801     0.000691304     0.000671074
        0.287406     0.000703155     0.000620659     0.000346537     0.000568613     0.000630866      0.00061232
        0.299137     0.000648437     0.000571675     0.000315886     0.000523233     0.000580994     0.000563912
        0.311347     0.000602633     0.000532851     0.000303386     0.000490967      0.00054202     0.000526148
        0.324055     0.000560504     0.000497109     0.000291423     0.000460565     0.000506046     0.000491267
        0.337282     0.000517773     0.000459006     0.000267698     0.000424489     0.000467157     0.000453486
        0.351048      0.00047562     0.000420522     0.000238975     0.000386837     0.000427684      0.00041513
        0.365377     0.000437822     0.000386771     0.000218109     0.000355449     0.000393302     0.000381756
         0.38029     0.000404917     0.000358314     0.000205578     0.000330536      0.00036455      0.00035387
        0.395812     0.000374119     0.000331426     0.000192135     0.000306271     0.000337278     0.000327402
        0.411968     0.000344047      0.00030447      0.00017469     0.000280706     0.000309751     0.000300668
        0.428783     0.000316121     0.000279517     0.000159083     0.000257345     0.000284311     0.000275968
        0.446284     0.000291215     0.000257681     0.000147748     0.000237641     0.000262162     0.000254475
          0.4645     0.000268147     0.000237386     0.000136741     0.000219091      0.00024154     0.000234459
        0.483459      0.00024624     0.000217868     0.000124797     0.000200838     0.000221646     0.000215143
        0.503192     0.000226147     0.000200065     0.000114488     0.000184417     0.000203533     0.000197561
         0.52373     0.000207838     0.000183941     0.000105668     0.000169686     0.000187149      0.00018166
        0.545107      0.00019075     0.000168797     9.68473e-05     0.000155667     0.000171735     0.000166696
        0.567356     0.000174955     0.000154798     8.87051e-05      0.00014273     0.000157489     0.000152867
        0.590514      0.00016049     0.000142023     8.15165e-05     0.000130995     0.000144498     0.000140258
        0.614616     0.000147103     0.000130169     7.46759e-05     0.000120047     0.000132436     0.000128549
        0.639703     0.000134762     0.000119242     6.83804e-05     0.000109965     0.000121318     0.000117758
        0.665813     0.000123431     0.000109221     6.26568e-05     0.000100731     0.000111124     0.000107862
        0.692989     0.000113006     9.99992e-05     5.73843e-05     9.22321e-05     0.000101743     9.87564e-05
        0.721274     0.000103409     9.15058e-05      5.2511e-05        8.44e-05     9.31026e-05     9.03689e-05
        0.750714     9.45887e-05     8.36997e-05     4.80295e-05     7.72005e-05     8.51605e-05     8.26598e-05
        0.781356     8.64887e-05     7.65322e-05     4.39174e-05     7.05904e-05      7.7868e-05     7.55815e-05
        0.813248     7.90515e-05     6.99513e-05     4.01424e-05     6.45211e-05     7.11724e-05     6.90824e-05
        0.846441     7.22253e-05     6.39108e-05     3.66771e-05       5.895e-05     6.50267e-05     6.31171e-05
         0.88099     6.59635e-05       5.837e-05     3.34982e-05     5.38399e-05     5.93891e-05     5.76452e-05
        0.916949     6.02226e-05     5.32901e-05     3.05838e-05      4.9155e-05     5.42206e-05     5.26285e-05
        0.954375     5.49619e-05     4.86352e-05     2.79132e-05     4.48619e-05     4.94845e-05     4.80315e-05
        0.993329     5.01433e-05     4.43713e-05      2.5467e-05     4.09292e-05     4.51465e-05     4.38206e-05
         1.03387     4.57312e-05     4.04668e-05     2.32267e-05     3.73278e-05      4.1174e-05     3.99645e-05
         1.07607     4.16928e-05      3.6893e-05      2.1176e-05     3.40313e-05      3.7538e-05     3.64351e-05
         1.11999      3.7998e-05     3.36236e-05     1.92999e-05     3.10158e-05     3.42114e-05     3.32063e-05
         1.16571     3.46192e-05      3.0634e-05     1.75843e-05     2.82585e-05     3.11696e-05     3.02539e-05
         1.21329     3.15311e-05     2.79014e-05     1.60162e-05     2.57381e-05     2.83893e-05     2.75553e-05
         1.26281     2.87094e-05     2.54046e-05     1.45834e-05      2.3435e-05     2.58488e-05     2.50894e-05
         1.31435     2.61318e-05     2.31237e-05     1.32744e-05     2.13311e-05     2.35281e-05     2.28369e-05
           1.368     2.37782e-05      2.1041e-05     1.20791e-05     1.94101e-05     2.14091e-05     2.07801e-05
         1.42384     2.16303e-05     1.91404e-05     1.09882e-05     1.76569e-05     1.94753e-05     1.89031e-05
         1.48195     1.96709e-05     1.74065e-05     9.99299e-06     1.60575e-05     1.77111e-05     1.71907e-05
         1.54244     1.78837e-05      1.5825e-05     9.08527e-06     1.45987e-05      1.6102e-05     1.56288e-05
          1.6054     1.62542e-05     1.43831e-05     8.25762e-06     1.32686e-05     1.46348e-05     1.42048e-05
         1.67092     1.47689e-05     1.30688e-05     7.50321e-06     1.20563e-05     1.32976e-05     1.29068e-05
         1.73912     1.34158e-05     1.18714e-05     6.81587e-06     1.09517e-05     1.20793e-05     1.17243e-05
         1.81011     1.21834e-05     1.07809e-05     6.18988e-06     9.94575e-06     1.09697e-05     1.06473e-05
